0	51	[0.22355846 0.2309916  0.23984534]	 p2-p1: 0.0074 
5	49	[0.23931907 0.24288678 0.24893612]	 p2-p1: 0.0036 
10	49	[0.2425167  0.2569644  0.26338685]	 p2-p1: 0.0144 
15	52	[0.23495805 0.24867049 0.2611058 ]	 p2-p1: 0.0137 
20	52	[0.21830308 0.26303408 0.26413026]	 p2-p1: 0.0447 
25	52	[0.21426564 0.25527194 0.25792724]	 p2-p1: 0.0410 
30	52	[0.21934456 0.23646642 0.24347895]	 p2-p1: 0.0171 
35	48	[0.21498445 0.22249247 0.22921325]	 p2-p1: 0.0075 
40	51	[0.20911175 0.20912205 0.2185337 ]	 p2-p1: 0.0000 
45	51	[0.20816089 0.21167149 0.21965948]	 p2-p1: 0.0035 
50	51	[0.2089583  0.22331202 0.22946915]	 p2-p1: 0.0144 
55	51	[0.21977957 0.22281128 0.25368568]	 p2-p1: 0.0030 
60	49	[0.2274618  0.24589275 0.25372806]	 p2-p1: 0.0184 
65	49	[0.24676272 0.25278854 0.2574885 ]	 p2-p1: 0.0060 
70	54	[0.25091797 0.25110292 0.25650233]	 p2-p1: 0.0002 
75	54	[0.24716216 0.24970871 0.2528311 ]	 p2-p1: 0.0025 
80	60	[0.22735119 0.24075235 0.25002474]	 p2-p1: 0.0134 
85	60	[0.22065654 0.22645482 0.23216295]	 p2-p1: 0.0058 
90	48	[0.22170827 0.22342186 0.2259076 ]	 p2-p1: 0.0017 
95	54	[0.21682581 0.22034782 0.23243792]	 p2-p1: 0.0035 
100	54	[0.21341477 0.22538695 0.22571936]	 p2-p1: 0.0120 
105	54	[0.21315935 0.23322648 0.24530685]	 p2-p1: 0.0201 
110	54	[0.21580517 0.2489196  0.2584458 ]	 p2-p1: 0.0331 
115	54	[0.2207827  0.26370287 0.26544136]	 p2-p1: 0.0429 
120	54	[0.22695357 0.2629081  0.26501584]	 p2-p1: 0.0360 
125	54	[0.23271593 0.23392977 0.24008524]	 p2-p1: 0.0012 
130	60	[0.22009188 0.22180024 0.23627037]	 p2-p1: 0.0017 
135	60	[0.21719727 0.21923335 0.23670095]	 p2-p1: 0.0020 
140	60	[0.22296964 0.22747865 0.23047349]	 p2-p1: 0.0045 
145	51	[0.22835398 0.23101598 0.23865026]	 p2-p1: 0.0027 
150	54	[0.22762911 0.23086846 0.24040216]	 p2-p1: 0.0032 
155	54	[0.22511968 0.23255718 0.2618224 ]	 p2-p1: 0.0074 
160	54	[0.22385047 0.24324617 0.26116908]	 p2-p1: 0.0194 
165	54	[0.22429687 0.24402073 0.25388828]	 p2-p1: 0.0197 
170	54	[0.22725162 0.23896691 0.25104067]	 p2-p1: 0.0117 
175	54	[0.23382157 0.23729166 0.24223022]	 p2-p1: 0.0035 
180	49	[0.22871983 0.23131806 0.24529412]	 p2-p1: 0.0026 
185	60	[0.22584322 0.23837736 0.24188325]	 p2-p1: 0.0125 
190	60	[0.22946422 0.23858064 0.26279882]	 p2-p1: 0.0091 
195	60	[0.24294567 0.25382927 0.25522435]	 p2-p1: 0.0109 
200	57	[0.25767887 0.26361957 0.26634085]	 p2-p1: 0.0059 
205	56	[0.25301743 0.26624107 0.26670325]	 p2-p1: 0.0132 
210	48	[0.24693897 0.2534461  0.26247242]	 p2-p1: 0.0065 
215	48	[0.23744315 0.24955675 0.25368446]	 p2-p1: 0.0121 
220	54	[0.24396293 0.24485132 0.24865223]	 p2-p1: 0.0009 
225	60	[0.23187473 0.24496616 0.24764147]	 p2-p1: 0.0131 
230	60	[0.21690306 0.2375058  0.26254374]	 p2-p1: 0.0206 
235	60	[0.21366997 0.24744833 0.25094026]	 p2-p1: 0.0338 
240	60	[0.21658248 0.24540275 0.25865373]	 p2-p1: 0.0288 
245	60	[0.22027177 0.24613887 0.25504574]	 p2-p1: 0.0259 
250	60	[0.22116038 0.24519348 0.2582942 ]	 p2-p1: 0.0240 
255	60	[0.21845442 0.23456907 0.24184538]	 p2-p1: 0.0161 
260	60	[0.21330039 0.24234854 0.24363872]	 p2-p1: 0.0290 
265	60	[0.2087039  0.24202816 0.24839246]	 p2-p1: 0.0333 
270	60	[0.2073257  0.24699503 0.25057966]	 p2-p1: 0.0397 
275	60	[0.20620054 0.26117015 0.26292825]	 p2-p1: 0.0550 
280	60	[0.20532545 0.24455456 0.24899766]	 p2-p1: 0.0392 
285	60	[0.20467165 0.24500339 0.24507108]	 p2-p1: 0.0403 
290	60	[0.20420167 0.25220442 0.254555  ]	 p2-p1: 0.0480 
295	60	[0.20389658 0.2334078  0.2337071 ]	 p2-p1: 0.0295 
300	60	[0.20373999 0.2288479  0.23245823]	 p2-p1: 0.0251 
305	60	[0.20371117 0.23784629 0.24262752]	 p2-p1: 0.0341 
310	60	[0.2037847  0.24764518 0.25267282]	 p2-p1: 0.0439 
315	60	[0.2039572  0.26088506 0.26544654]	 p2-p1: 0.0569 
320	60	[0.20431273 0.25175413 0.2540326 ]	 p2-p1: 0.0474 
325	60	[0.20504773 0.24910691 0.25074914]	 p2-p1: 0.0441 
330	60	[0.20646197 0.2633056  0.2641318 ]	 p2-p1: 0.0568 
335	60	[0.20892489 0.23861766 0.25517422]	 p2-p1: 0.0297 
340	60	[0.2228483  0.22550097 0.2403429 ]	 p2-p1: 0.0027 
345	48	[0.2291109  0.23687427 0.23813567]	 p2-p1: 0.0078 
350	58	[0.22817995 0.23011282 0.2427859 ]	 p2-p1: 0.0019 
355	58	[0.22751316 0.22869134 0.2576859 ]	 p2-p1: 0.0012 
360	58	[0.23617324 0.23790646 0.24997586]	 p2-p1: 0.0017 
365	60	[0.24006346 0.25109032 0.25565225]	 p2-p1: 0.0110 
370	60	[0.22746427 0.26245007 0.2656739 ]	 p2-p1: 0.0350 
375	60	[0.21926257 0.25868618 0.26723832]	 p2-p1: 0.0394 
380	60	[0.21603188 0.23354259 0.24904488]	 p2-p1: 0.0175 
385	60	[0.21743588 0.23095205 0.23410219]	 p2-p1: 0.0135 
390	60	[0.2221141  0.23519096 0.24939162]	 p2-p1: 0.0131 
395	60	[0.22766735 0.24783432 0.25160754]	 p2-p1: 0.0202 
400	60	[0.23196274 0.23985223 0.24980837]	 p2-p1: 0.0079 
405	60	[0.23516452 0.24653235 0.24755652]	 p2-p1: 0.0114 
410	60	[0.23976758 0.26320207 0.26419097]	 p2-p1: 0.0234 
415	60	[0.24783964 0.26229438 0.26399672]	 p2-p1: 0.0145 
420	48	[0.23201436 0.25572997 0.25837067]	 p2-p1: 0.0237 
425	48	[0.22611192 0.24795698 0.26239285]	 p2-p1: 0.0218 
430	52	[0.2387298  0.23972544 0.26382893]	 p2-p1: 0.0010 
435	52	[0.24458766 0.24817905 0.25394964]	 p2-p1: 0.0036 
440	57	[0.24856022 0.2497995  0.25182444]	 p2-p1: 0.0012 
445	58	[0.24930215 0.25122052 0.2585017 ]	 p2-p1: 0.0019 
450	53	[0.25862288 0.26239407 0.26408994]	 p2-p1: 0.0038 
455	50	[0.26374546 0.26429388 0.26473993]	 p2-p1: 0.0005 
460	48	[0.23845407 0.25917053 0.26133513]	 p2-p1: 0.0207 
465	48	[0.22674645 0.26273358 0.2633918 ]	 p2-p1: 0.0360 
470	48	[0.23323166 0.25193298 0.25422186]	 p2-p1: 0.0187 
475	54	[0.23007919 0.24493682 0.24715275]	 p2-p1: 0.0149 
480	54	[0.21293649 0.23629352 0.24460512]	 p2-p1: 0.0234 
485	54	[0.20731317 0.23266539 0.255202  ]	 p2-p1: 0.0254 
490	54	[0.20622906 0.235672   0.25970158]	 p2-p1: 0.0294 
495	54	[0.20765269 0.24725142 0.26450357]	 p2-p1: 0.0396 
