499	54	[0.21831165 0.2593656  0.2607181 ]	 p2-p1: 0.0411 
504	48	[0.23419613 0.25516224 0.25586528]	 p2-p1: 0.0210 
509	48	[0.22862846 0.2566467  0.26190272]	 p2-p1: 0.0280 
514	48	[0.2401312  0.24362937 0.24777097]	 p2-p1: 0.0035 
519	57	[0.2255299  0.24414444 0.253644  ]	 p2-p1: 0.0186 
524	57	[0.2198173  0.24126339 0.26073948]	 p2-p1: 0.0214 
529	57	[0.22302178 0.23026302 0.23579675]	 p2-p1: 0.0072 
534	54	[0.21265557 0.23615941 0.24480215]	 p2-p1: 0.0235 
539	54	[0.20810452 0.2566396  0.25665328]	 p2-p1: 0.0485 
544	54	[0.20748815 0.24179825 0.25068277]	 p2-p1: 0.0343 
549	54	[0.20759277 0.23458934 0.23562908]	 p2-p1: 0.0270 
554	54	[0.20813975 0.2337655  0.23725575]	 p2-p1: 0.0256 
559	54	[0.20904496 0.23828629 0.24482745]	 p2-p1: 0.0292 
564	54	[0.2139506  0.24728402 0.2543143 ]	 p2-p1: 0.0333 
569	54	[0.22171718 0.23103917 0.23894052]	 p2-p1: 0.0093 
574	57	[0.22263484 0.23207903 0.2358661 ]	 p2-p1: 0.0094 
579	57	[0.22784352 0.24232756 0.24989757]	 p2-p1: 0.0145 
584	54	[0.24697646 0.25309637 0.25680944]	 p2-p1: 0.0061 
589	54	[0.24286237 0.24869233 0.2503872 ]	 p2-p1: 0.0058 
594	54	[0.23278865 0.24012108 0.24512517]	 p2-p1: 0.0073 
599	54	[0.22277404 0.24582255 0.24685985]	 p2-p1: 0.0230 
604	54	[0.2175215  0.26099214 0.2643438 ]	 p2-p1: 0.0435 
609	54	[0.21882732 0.25624898 0.26064897]	 p2-p1: 0.0374 
614	54	[0.22875886 0.23547259 0.24175504]	 p2-p1: 0.0067 
619	57	[0.23736651 0.24481058 0.25014153]	 p2-p1: 0.0074 
624	53	[0.26273003 0.26352024 0.26622698]	 p2-p1: 0.0008 
629	56	[0.25801128 0.26258576 0.26403466]	 p2-p1: 0.0046 
634	56	[0.23542288 0.24305785 0.24426544]	 p2-p1: 0.0076 
639	55	[0.22659957 0.23175232 0.23587157]	 p2-p1: 0.0052 
644	55	[0.22447385 0.22933288 0.24115479]	 p2-p1: 0.0049 
649	55	[0.23665728 0.23740149 0.24768487]	 p2-p1: 0.0007 
654	57	[0.23352824 0.24555251 0.25066474]	 p2-p1: 0.0120 
659	60	[0.23701823 0.23877993 0.24485685]	 p2-p1: 0.0018 
664	60	[0.23277277 0.23785526 0.26839814]	 p2-p1: 0.0051 
669	60	[0.23009892 0.24824625 0.2645142 ]	 p2-p1: 0.0181 
674	60	[0.22737078 0.24196157 0.2486768 ]	 p2-p1: 0.0146 
679	54	[0.21578488 0.22430277 0.22833104]	 p2-p1: 0.0085 
684	54	[0.20762487 0.22097614 0.22162715]	 p2-p1: 0.0134 
689	54	[0.20725456 0.21944387 0.22022198]	 p2-p1: 0.0122 
694	54	[0.21158093 0.21384455 0.2208594 ]	 p2-p1: 0.0023 
699	51	[0.21021402 0.22467981 0.23748708]	 p2-p1: 0.0145 
704	51	[0.20892927 0.23407176 0.25688207]	 p2-p1: 0.0251 
709	51	[0.20882773 0.25282413 0.25504792]	 p2-p1: 0.0440 
714	51	[0.2090132  0.2499057  0.26258674]	 p2-p1: 0.0409 
719	51	[0.20987183 0.22899896 0.25523856]	 p2-p1: 0.0191 
724	51	[0.21103704 0.23079683 0.25115636]	 p2-p1: 0.0198 
729	51	[0.21220401 0.22170605 0.23364374]	 p2-p1: 0.0095 
734	54	[0.20949158 0.21428145 0.22417897]	 p2-p1: 0.0048 
739	54	[0.2084701  0.21884465 0.2248539 ]	 p2-p1: 0.0104 
744	54	[0.21011665 0.2276413  0.23303492]	 p2-p1: 0.0175 
749	54	[0.22149631 0.24135986 0.24513526]	 p2-p1: 0.0199 
754	48	[0.24208002 0.24492504 0.25424528]	 p2-p1: 0.0028 
759	55	[0.23425832 0.23494275 0.26370248]	 p2-p1: 0.0007 
764	55	[0.2390503  0.24236496 0.2463665 ]	 p2-p1: 0.0033 
769	59	[0.23997241 0.24110354 0.24750075]	 p2-p1: 0.0011 
774	51	[0.22954158 0.24194539 0.25012615]	 p2-p1: 0.0124 
779	51	[0.22096044 0.23222557 0.25904983]	 p2-p1: 0.0113 
784	51	[0.22761013 0.23089987 0.2315187 ]	 p2-p1: 0.0033 
789	54	[0.21975017 0.24656394 0.24819434]	 p2-p1: 0.0268 
794	54	[0.22208887 0.24184857 0.26454148]	 p2-p1: 0.0198 
799	55	[0.22755828 0.24069676 0.24110529]	 p2-p1: 0.0131 
804	57	[0.22074871 0.23440957 0.24429312]	 p2-p1: 0.0137 
809	57	[0.21840635 0.23139684 0.24124448]	 p2-p1: 0.0130 
814	51	[0.22269562 0.2284793  0.2319698 ]	 p2-p1: 0.0058 
819	51	[0.21172483 0.23583272 0.2502692 ]	 p2-p1: 0.0241 
824	51	[0.20861888 0.21991068 0.23858878]	 p2-p1: 0.0113 
829	51	[0.20879827 0.21310495 0.2247456 ]	 p2-p1: 0.0043 
834	56	[0.21015722 0.21192724 0.2150147 ]	 p2-p1: 0.0018 
839	56	[0.20876817 0.21215537 0.2271864 ]	 p2-p1: 0.0034 
844	56	[0.2078054  0.22474498 0.22661588]	 p2-p1: 0.0169 
849	56	[0.2065951  0.23478751 0.24290887]	 p2-p1: 0.0282 
854	56	[0.20551339 0.24192001 0.2434667 ]	 p2-p1: 0.0364 
859	56	[0.2049117  0.24973515 0.26027235]	 p2-p1: 0.0448 
864	56	[0.20518741 0.24473532 0.25136486]	 p2-p1: 0.0395 
869	56	[0.20729128 0.2306113  0.24700204]	 p2-p1: 0.0233 
874	50	[0.21903332 0.22633433 0.23086548]	 p2-p1: 0.0073 
879	50	[0.21126607 0.22398522 0.23212692]	 p2-p1: 0.0127 
884	50	[0.20872784 0.23899038 0.2539866 ]	 p2-p1: 0.0303 
889	50	[0.2088277  0.23517096 0.24018152]	 p2-p1: 0.0263 
894	50	[0.21259525 0.23629472 0.24667811]	 p2-p1: 0.0237 
899	50	[0.22194035 0.24402504 0.25223157]	 p2-p1: 0.0221 
904	56	[0.21367264 0.23531887 0.2561525 ]	 p2-p1: 0.0216 
909	56	[0.2076239  0.2494067  0.25640228]	 p2-p1: 0.0418 
914	56	[0.20730352 0.22430143 0.2311688 ]	 p2-p1: 0.0170 
919	56	[0.20874974 0.22026488 0.22571844]	 p2-p1: 0.0115 
924	56	[0.22212666 0.23813199 0.23834881]	 p2-p1: 0.0160 
929	50	[0.23532975 0.24498053 0.24932554]	 p2-p1: 0.0097 
934	50	[0.22366995 0.23873049 0.25561714]	 p2-p1: 0.0151 
939	50	[0.2136209  0.24266145 0.25365502]	 p2-p1: 0.0290 
944	50	[0.20825514 0.24491803 0.25683963]	 p2-p1: 0.0367 
949	50	[0.20684025 0.24157026 0.25006267]	 p2-p1: 0.0347 
954	50	[0.20601502 0.21561572 0.243096  ]	 p2-p1: 0.0096 
959	50	[0.20565596 0.20766756 0.21668956]	 p2-p1: 0.0020 
964	50	[0.20567322 0.20720312 0.2074561 ]	 p2-p1: 0.0015 
969	56	[0.2057836  0.20612915 0.20899573]	 p2-p1: 0.0003 
974	56	[0.20507903 0.20735872 0.23291543]	 p2-p1: 0.0023 
979	56	[0.20492403 0.21230896 0.25685355]	 p2-p1: 0.0074 
984	56	[0.20521343 0.22943233 0.25407428]	 p2-p1: 0.0242 
989	56	[0.20594348 0.23974624 0.25065348]	 p2-p1: 0.0338 
994	56	[0.2069448  0.23429263 0.26156121]	 p2-p1: 0.0273 
999	56	[0.20778939 0.2383106  0.24241498]	 p2-p1: 0.0305 
1004	56	[0.2081264 0.2252798 0.2364873]	 p2-p1: 0.0172 
1009	56	[0.20803198 0.22489865 0.2252311 ]	 p2-p1: 0.0169 
1014	56	[0.20795836 0.21140113 0.24066442]	 p2-p1: 0.0034 
1019	50	[0.20805648 0.20847721 0.24946839]	 p2-p1: 0.0004 
1024	50	[0.2077948  0.21368676 0.25052613]	 p2-p1: 0.0059 
1029	50	[0.20842133 0.2312873  0.26223904]	 p2-p1: 0.0229 
1034	50	[0.21196339 0.24465153 0.24840978]	 p2-p1: 0.0327 
1039	50	[0.22256747 0.236518   0.24692191]	 p2-p1: 0.0140 
1044	54	[0.2214104  0.24020517 0.24098295]	 p2-p1: 0.0188 
1049	54	[0.2161092  0.23606937 0.24095213]	 p2-p1: 0.0200 
1054	54	[0.22552922 0.23236537 0.2323736 ]	 p2-p1: 0.0068 
1059	55	[0.23597023 0.24382076 0.24625367]	 p2-p1: 0.0079 
1064	60	[0.24304265 0.24385062 0.25422367]	 p2-p1: 0.0008 
1069	50	[0.22747198 0.25611728 0.25986773]	 p2-p1: 0.0286 
1074	50	[0.20868018 0.24920131 0.2640605 ]	 p2-p1: 0.0405 
1079	50	[0.20914634 0.24065469 0.24167423]	 p2-p1: 0.0315 
1084	58	[0.23185077 0.24065483 0.24391848]	 p2-p1: 0.0088 
1089	54	[0.21814093 0.23813263 0.23994893]	 p2-p1: 0.0200 
1094	54	[0.2125881  0.2250208  0.22583014]	 p2-p1: 0.0124 
1099	55	[0.20959991 0.21779522 0.22775778]	 p2-p1: 0.0082 
1104	55	[0.20773363 0.21607256 0.23374055]	 p2-p1: 0.0083 
1109	55	[0.20771626 0.21299218 0.21595584]	 p2-p1: 0.0053 
1114	50	[0.20638952 0.2128141  0.21829073]	 p2-p1: 0.0064 
1119	50	[0.20481557 0.23440015 0.24650767]	 p2-p1: 0.0296 
1124	50	[0.20435083 0.23144831 0.24027918]	 p2-p1: 0.0271 
1129	50	[0.20450273 0.22640958 0.24472517]	 p2-p1: 0.0219 
1134	50	[0.2055313  0.23455968 0.2377351 ]	 p2-p1: 0.0290 
1139	50	[0.20787737 0.24148256 0.24380559]	 p2-p1: 0.0336 
1144	50	[0.21833757 0.2281654  0.23508567]	 p2-p1: 0.0098 
1149	55	[0.20954654 0.2353443  0.23753001]	 p2-p1: 0.0258 
1154	55	[0.20969148 0.24473004 0.25139302]	 p2-p1: 0.0350 
1159	55	[0.22996399 0.25308496 0.2589664 ]	 p2-p1: 0.0231 
1164	58	[0.25220948 0.25454277 0.2571196 ]	 p2-p1: 0.0023 
1169	58	[0.22739452 0.23856112 0.2487702 ]	 p2-p1: 0.0112 
1174	58	[0.21502069 0.2211823  0.23057535]	 p2-p1: 0.0062 
1179	58	[0.21121036 0.21455425 0.22102627]	 p2-p1: 0.0033 
1184	50	[0.20802838 0.21473616 0.23532864]	 p2-p1: 0.0067 
1189	50	[0.20710868 0.21228784 0.22697225]	 p2-p1: 0.0052 
1194	50	[0.2078265  0.2088849  0.23034438]	 p2-p1: 0.0011 
1199	50	[0.21758881 0.22122744 0.24501407]	 p2-p1: 0.0036 
1204	57	[0.24935809 0.25509647 0.25600424]	 p2-p1: 0.0057 
1209	57	[0.25608674 0.26385573 0.26640293]	 p2-p1: 0.0078 
1214	59	[0.2507548  0.26373443 0.26641256]	 p2-p1: 0.0130 
1219	58	[0.23696566 0.24025731 0.2633082 ]	 p2-p1: 0.0033 
1224	58	[0.21435331 0.2533652  0.26077452]	 p2-p1: 0.0390 
1229	58	[0.20836572 0.21652639 0.22198102]	 p2-p1: 0.0082 
1234	50	[0.20655575 0.2085165  0.21329382]	 p2-p1: 0.0020 
1239	50	[0.20750168 0.21482563 0.2169008 ]	 p2-p1: 0.0073 
1244	56	[0.21020411 0.22522187 0.24434811]	 p2-p1: 0.0150 
1249	56	[0.20917308 0.24975812 0.26304922]	 p2-p1: 0.0406 
1254	56	[0.21075332 0.24723172 0.26436162]	 p2-p1: 0.0365 
1259	56	[0.21566123 0.24078979 0.25750175]	 p2-p1: 0.0251 
1264	56	[0.22575976 0.25418782 0.25768358]	 p2-p1: 0.0284 
1269	55	[0.21925554 0.2364847  0.24400394]	 p2-p1: 0.0172 
1274	50	[0.21154374 0.21154806 0.21553792]	 p2-p1: 0.0000 
1279	50	[0.20606408 0.2247988  0.22540386]	 p2-p1: 0.0187 
1284	50	[0.20652041 0.24853021 0.251615  ]	 p2-p1: 0.0420 
1289	50	[0.219243   0.2576523  0.26330355]	 p2-p1: 0.0384 
1294	59	[0.24283761 0.25041562 0.26561078]	 p2-p1: 0.0076 
1299	53	[0.23567896 0.24134248 0.2642398 ]	 p2-p1: 0.0057 
1304	53	[0.22600308 0.24663839 0.2477183 ]	 p2-p1: 0.0206 
1309	55	[0.21079874 0.2221384  0.22954509]	 p2-p1: 0.0113 
1314	55	[0.20726416 0.21697892 0.22509462]	 p2-p1: 0.0097 
1319	55	[0.20827033 0.20889804 0.21306738]	 p2-p1: 0.0006 
1324	50	[0.2065538  0.20764208 0.22891495]	 p2-p1: 0.0011 
1329	50	[0.20548019 0.20864299 0.26323923]	 p2-p1: 0.0032 
1334	50	[0.20541471 0.22980899 0.2572029 ]	 p2-p1: 0.0244 
1339	50	[0.20584786 0.24797446 0.26525962]	 p2-p1: 0.0421 
1344	50	[0.20678642 0.23805383 0.26447052]	 p2-p1: 0.0313 
1349	50	[0.20856158 0.23751728 0.2417405 ]	 p2-p1: 0.0290 
1354	55	[0.21543616 0.21824649 0.24467385]	 p2-p1: 0.0028 
1359	55	[0.21432118 0.2334056  0.23821686]	 p2-p1: 0.0191 
1364	58	[0.21460298 0.23633483 0.23839188]	 p2-p1: 0.0217 
1369	58	[0.20743142 0.23815516 0.24523124]	 p2-p1: 0.0307 
1374	58	[0.20661417 0.23051508 0.23665902]	 p2-p1: 0.0239 
1379	58	[0.20735696 0.21213974 0.2548852 ]	 p2-p1: 0.0048 
1384	50	[0.2069514  0.21411127 0.26422644]	 p2-p1: 0.0072 
1389	50	[0.20667607 0.23705634 0.24663779]	 p2-p1: 0.0304 
1394	55	[0.20862086 0.21022117 0.24346575]	 p2-p1: 0.0016 
1399	55	[0.20622155 0.23136908 0.23563352]	 p2-p1: 0.0251 
1404	55	[0.20586777 0.2314348  0.23318423]	 p2-p1: 0.0256 
1409	55	[0.20695856 0.23586664 0.24359468]	 p2-p1: 0.0289 
1414	55	[0.21501449 0.23778504 0.24320161]	 p2-p1: 0.0228 
1419	58	[0.21978551 0.25342238 0.26159787]	 p2-p1: 0.0336 
1424	58	[0.22234309 0.23851618 0.25810266]	 p2-p1: 0.0162 
1429	50	[0.21125779 0.24833086 0.26325637]	 p2-p1: 0.0371 
1434	50	[0.20710105 0.26101118 0.26307878]	 p2-p1: 0.0539 
1439	50	[0.20746845 0.251279   0.25959712]	 p2-p1: 0.0438 
1444	50	[0.21043684 0.22862393 0.23163038]	 p2-p1: 0.0182 
1449	55	[0.20968446 0.21988527 0.22892481]	 p2-p1: 0.0102 
1454	55	[0.20855659 0.22694123 0.23543939]	 p2-p1: 0.0184 
1459	55	[0.21751674 0.21969765 0.2285021 ]	 p2-p1: 0.0022 
1464	58	[0.2183909  0.2244446  0.24136844]	 p2-p1: 0.0061 
1469	50	[0.21750546 0.2360385  0.25325468]	 p2-p1: 0.0185 
1474	50	[0.21069929 0.26116806 0.26249814]	 p2-p1: 0.0505 
1479	50	[0.20825553 0.25942817 0.2635197 ]	 p2-p1: 0.0512 
1484	50	[0.2074977  0.23827852 0.24915752]	 p2-p1: 0.0308 
1489	50	[0.20715012 0.22425519 0.22481728]	 p2-p1: 0.0171 
1494	50	[0.20703197 0.20843297 0.2269657 ]	 p2-p1: 0.0014 
