1.166776744383355435e-01
4.661980718753966357e-02
4.215146157866911381e-02
3.756435785544454120e-02
3.914344755372667350e-02
3.531605984014163369e-02
3.640668902704646825e-02
3.599711566189967016e-02
3.690815282709536405e-02
3.057511426126779952e-02
2.964080014461956125e-02
3.023570534710984248e-02
3.175313391298573151e-02
3.052580701321971901e-02
2.730185043833444070e-02
2.733086450010091539e-02
2.835717557064754146e-02
2.751938771444883969e-02
2.704908980146569775e-02
2.656055268846557738e-02
2.686895035165548506e-02
2.611639820165123638e-02
2.628030886657484189e-02
2.574822347389726929e-02
2.605906870400076514e-02
2.642746312912436224e-02
2.649164106290413656e-02
2.587346901970022373e-02
2.572474101671673452e-02
2.603845701116824785e-02
2.539682305376800286e-02
