2.539981742709642276e+00
1.534356807445874438e+00
1.412595346453599632e+00
1.229054089402779937e+00
1.285014460969250649e+00
1.260107718742801808e+00
1.184602155466564000e+00
1.092329002000042237e+00
1.098273952156887390e+00
1.114571643905946985e+00
1.041901265765773132e+00
1.066366201688651927e+00
1.007175589329563081e+00
1.031080606335308403e+00
9.698691342637175694e-01
9.598173857084475458e-01
1.007040583775960840e+00
9.497577490692492574e-01
9.808117808424867690e-01
9.792345282330643386e-01
9.982288159808376804e-01
7.980364366230787709e-01
8.113857193238800392e-01
8.152913804806303233e-01
8.226359745603986084e-01
