9.094145352602936327e+00
8.294569771154783666e+00
7.996859460021369159e+00
7.536155000096186996e+00
7.314148334786295891e+00
7.153033373295329511e+00
6.917289811186492443e+00
6.832792020286433399e+00
6.771586889284662902e+00
6.667421102989464998e+00
6.632379266666248441e+00
6.604525880014989525e+00
6.550613390863873065e+00
6.533321177004836500e+00
6.517508493503555655e+00
6.487650294788181782e+00
6.480592164676636457e+00
6.469840303994715214e+00
6.455987448105588555e+00
6.450388569908682257e+00
6.446882528485730290e+00
6.439362136879935861e+00
6.436949105991516262e+00
6.435058051021769643e+00
6.431448160088621080e+00
6.430321311810985208e+00
6.429271506378427148e+00
