6.030426998599432409e+01
5.482727309828624129e+01
5.256639580195769668e+01
5.176158662536181509e+01
4.933470277255401015e+01
4.835967321251519024e+01
4.978066934808157384e+01
4.742938809643965214e+01
4.765419823280535638e+01
4.617060287459753454e+01
4.745738731487654150e+01
4.634628950012847781e+01
4.761333908326923847e+01
3.745380065287463367e+01
3.814806014567147940e+01
3.740048213151749223e+01
3.669953027088195086e+01
3.629663609073031694e+01
3.758916662842966616e+01
3.749322515819221735e+01
3.610778432199731469e+01
3.132309051766060293e+01
