4.212278143797448138e+00
4.002863778961909702e+00
4.295217160706670256e+00
4.454599723958381219e+00
4.206807556252897484e+00
3.508923145935114007e+00
3.403867636996437795e+00
3.392754029402567539e+00
3.434822951439855387e+00
3.287095778949151281e+00
3.387651811983232619e+00
3.334225738391978666e+00
3.452202829186717281e+00
2.787293267585482681e+00
2.864394548108975869e+00
2.834967230315669440e+00
2.863994974035449559e+00
2.631626375041378196e+00
2.596422404985787580e+00
2.583708436111919582e+00
2.594683487717702519e+00
2.628622962354711490e+00
2.436372786396532319e+00
2.422761850888491608e+00
2.444495894502324518e+00
2.458950801788887475e+00
2.352191300306003541e+00
2.310854116527480073e+00
2.364637887541903183e+00
2.346576121282851091e+00
2.351318828204966849e+00
2.296503541496349499e+00
2.313709734979056520e+00
2.337413994708185783e+00
2.332817231370427180e+00
2.329430663019593339e+00
2.292047555885801557e+00
2.287694440055929590e+00
2.299470745052531129e+00
2.332864625459478702e+00
