4.701101464242674410e+01
4.663969207322224975e+01
4.691716325120069087e+01
4.698381918738596141e+01
3.693760773958638310e+01
3.606387831899337471e+01
3.644078644714318216e+01
3.722569938725791872e+01
3.563415162370074540e+01
3.562670642684679478e+01
3.697998576320242137e+01
3.523550508893094957e+01
3.577467000880278647e+01
3.588409290264826268e+01
3.494043431209865957e+01
3.036188686371315271e+01
3.052301278896629810e+01
2.931839097896590829e+01
2.968165484990458935e+01
2.956018359272275120e+01
2.889154497545678169e+01
2.961429393722210079e+01
2.869173603807576001e+01
2.949840202508494258e+01
2.507841420697513968e+01
2.577243689249735326e+01
2.525067425309680402e+01
2.556407584331464022e+01
2.384121695009525865e+01
2.359613681293558329e+01
2.355079224705696106e+01
2.335829362284857780e+01
2.376018850633408874e+01
2.286212809139396995e+01
2.331989861314650625e+01
2.299903834902215749e+01
2.307099188049323857e+01
2.213098219560924917e+01
2.189918558264616877e+01
2.197035300068091601e+01
