3.622066268668277189e+00
7.785113977442961186e-01
1.022664211355731823e+00
5.083182525049778633e-01
6.447325011213251855e-01
4.006785559286072385e-01
3.477528114981396357e-01
3.427178933707182296e-01
4.422438861984119285e-01
4.307611385520431213e-01
3.641697765742719639e-01
2.490035786631779047e-01
2.002832433463481721e-01
2.503512465482344851e-01
2.792474930229218444e-01
2.140030453374492936e-01
1.776188455460214755e-01
1.761506964858199353e-01
1.903171321591798915e-01
1.824729763993673259e-01
1.624412874998597545e-01
1.618289770540286554e-01
1.576211243718717014e-01
1.529451676733515342e-01
1.509105216182433651e-01
1.509815679974053637e-01
1.487994060798882856e-01
1.443783779432123993e-01
1.396602835566227441e-01
1.326165716873219935e-01
1.231365120993359596e-01
1.184732091187470360e-01
1.061968327258000500e-01
1.122947757648944389e-01
1.082420369421015494e-01
1.021790654767755768e-01
9.032552848475461360e-02
8.638319986675924156e-02
7.996988335526111769e-02
9.198142568766343175e-02
