4.882552711991593242e+00
3.593363167368806899e+00
3.452088427962735295e+00
3.335411310661584139e+00
3.304574769455939531e+00
3.261230794363655150e+00
3.200402273214422166e+00
3.183462607441470027e+00
3.184504561591893435e+00
3.089559097075834870e+00
3.062394025502726436e+00
3.048841785057447851e+00
3.028426803648471832e+00
2.983637969358824193e+00
3.008018433116376400e+00
3.065427932655438781e+00
3.009840663406066597e+00
2.783629485755227506e+00
2.790945524233393371e+00
2.771227638237178326e+00
2.777890813653357327e+00
2.568003617459908128e+00
2.561402510502375662e+00
2.580619810498319566e+00
2.600596674135886133e+00
2.483120292657986283e+00
2.463524714228697121e+00
2.467629604041576385e+00
2.452341425465419888e+00
2.453863514005206525e+00
2.464492907980456948e+00
2.453777562011964619e+00
2.399460955755785108e+00
2.399238634039647877e+00
2.401068349834531546e+00
2.397798047168180346e+00
2.367394879693165421e+00
2.366836800356395543e+00
2.365610658307559788e+00
2.364464598707854748e+00
