3.841265392024070024e+00
2.996538224746473134e+00
2.751741723273880780e+00
2.580473660142160952e+00
2.511196133622433990e+00
2.489390797738451511e+00
2.487110735382884741e+00
2.433230224880389869e+00
2.482748007751069963e+00
2.414291757217142731e+00
2.288583641522563994e+00
2.345908131450414658e+00
2.232026927056722343e+00
2.214347819215618074e+00
2.247535471862647682e+00
2.308847832609899342e+00
2.024637733702547848e+00
1.958957048889715225e+00
1.990450484096072614e+00
1.955590338911861181e+00
1.977646342653315514e+00
1.850175150088034570e+00
1.829435659048613161e+00
1.815024474984966218e+00
1.822292399825528264e+00
1.809346135065425187e+00
1.797817644255701452e+00
1.825826543732546270e+00
1.813979373080655932e+00
1.743443233543075621e+00
1.740974019863642752e+00
1.732603843265678734e+00
1.742270438524428755e+00
1.708808880532160401e+00
1.727385135774966329e+00
1.716909142269287258e+00
1.706960969313513488e+00
1.687580745259765536e+00
1.685087240301072598e+00
1.683969885169062763e+00
