2.459154080825101119e-01
1.704004171042470261e-01
1.594875600767409196e-01
1.435691303231578786e-01
1.323767280591710005e-01
1.203014882576098898e-01
1.124149137122003594e-01
1.127434549862300628e-01
1.121859241866332013e-01
1.092864019101398299e-01
1.028451118163502542e-01
1.029283065590789192e-01
1.049350313405739143e-01
1.050929029461258324e-01
9.258165184019162552e-02
9.576717356503650080e-02
8.951915646321140230e-02
9.376978835825866554e-02
8.992968781603849493e-02
9.257185499973275000e-02
8.744609676432446577e-02
8.532080691293231212e-02
8.743119842165469890e-02
8.651996918342774734e-02
8.731097705458523706e-02
8.604187508990435163e-02
8.425735210403217934e-02
8.476939869251509663e-02
8.413691565510816872e-02
8.317900652855314547e-02
8.446611341059906408e-02
8.248533751429931726e-02
8.365769867032213369e-02
8.333527471768320538e-02
8.279683134969673119e-02
8.313405579883692553e-02
8.225531178413802991e-02
8.255295102753734682e-02
8.218166521510283928e-02
8.242742984293727204e-02
