3.696543043985684562e+01
6.118500540196691873e-03
2.520726628927150159e-02
2.531648027024857583e-02
4.618171057063591434e-02
4.417619700689101592e-03
4.297166481592284981e-03
4.316824877150793327e-03
1.211462438686794485e-02
1.518158840690375655e-02
4.225038569984462811e-03
4.161366371590702329e-03
4.249929491379589308e-03
5.583080986070854124e-03
6.068153692467603832e-03
4.049466491778730415e-03
4.207687243706459412e-03
4.589753626987658208e-03
4.477325203424697975e-03
4.033142907701403601e-03
4.150390869199327426e-03
4.198286787868710235e-03
3.938661964184575481e-03
3.976967629114369629e-03
3.976934430284018163e-03
3.997851404619723326e-03
3.961135431836737553e-03
3.984624356689892011e-03
4.007826631095667835e-03
4.010477736756001832e-03
4.025726957479491830e-03
4.043723402901377995e-03
4.021746690341387875e-03
4.041255106585595058e-03
4.065978809194348287e-03
4.067802692134137033e-03
4.087775530024373438e-03
4.104570139134011697e-03
4.103170885628060205e-03
4.117269828839198453e-03
