8.578120695935157710e+04
4.512023802640615031e+02
4.385291371610946953e+00
4.089076322852633893e-01
5.345668059017043561e-01
3.222247344276547665e+02
4.830651059633237310e+02
1.149852552858646959e+00
2.949064018903300166e-01
1.803568765899399295e-01
1.366220096097094938e-01
1.058434519945876673e-01
9.297973029606509954e-02
8.655700488452566788e-02
8.740429260797100142e-02
2.983569532734691165e-01
6.318608736182795838e-01
7.480344344367040321e-02
8.269002863380592316e-02
3.279059905325993896e-01
