3.450790787613027533e+01
4.814972984604537487e-03
2.141532339010154828e-03
5.407074734193884069e-03
4.019938196631756000e-02
5.844271799219313834e-03
1.068286043050648004e-03
1.035282813973026350e-03
9.946917672323252191e-04
1.571277358380029909e-03
4.477181496542925743e-02
1.014088135661950218e-03
9.142266402477616793e-04
8.760771729612315539e-04
1.233365926850638061e-03
9.360925203054648591e-04
1.043044804532655689e-03
8.407930936300545000e-04
8.530161131830027443e-04
9.321322434061585227e-04
1.076489568276883801e-03
8.589122746798238950e-04
9.032060171421107952e-04
9.601680712876259349e-04
8.662961147365422221e-04
8.753349042081026710e-04
9.186526331177446991e-04
8.745989291583100567e-04
8.725454840714519378e-04
8.956443542729175533e-04
8.709970832114777295e-04
8.779729713523920509e-04
8.966572930830807309e-04
8.815738783596316352e-04
8.890087502777532791e-04
8.926569544200901873e-04
8.862621791649871739e-04
8.861685763577042962e-04
8.909492295288146124e-04
8.909523819511377951e-04
