2.069377757527399808e+01
2.096245471632573754e+01
2.086291533638723195e+01
2.035737757454626262e+01
2.090906402340624481e+01
2.114862682484090328e+01
2.099353251117281616e+01
1.781341901968698949e+01
1.760160815424751490e+01
1.748815102304797620e+01
1.772480841504875571e+01
1.734231143223587424e+01
1.743608090328052640e+01
1.711981956451199949e+01
1.735799570952076465e+01
1.740816658572293818e+01
1.755256720469333231e+01
1.530889102676883340e+01
1.536282725201454014e+01
1.556256081885658205e+01
1.534084204037208110e+01
1.426215646020136774e+01
1.423278086993377656e+01
1.427414452703669667e+01
1.425059357914142311e+01
1.374882426846306771e+01
