4.860303296847268939e+01
3.551020439434796572e+01
3.453129845205694437e+01
3.482791299698874354e+01
3.543548905779607594e+01
3.461137042031623423e+01
2.814433428784832358e+01
2.867510664043948054e+01
2.845724878844339401e+01
2.790579452412202954e+01
2.459454828279558569e+01
2.440781909506767988e+01
2.446495995984878391e+01
2.436446401989087462e+01
2.281570645002648234e+01
2.237752174038905650e+01
2.230184810352511704e+01
2.221955811325460672e+01
2.214094551373273134e+01
2.241017435106914490e+01
2.224935798801016062e+01
2.232445138331968337e+01
2.103100431093480438e+01
2.105232088430784643e+01
