1.024887563369702548e+01
1.033869647397659719e+01
1.005335858091711998e+01
1.029493043525144458e+01
1.007275007071439177e+01
1.008193650341127068e+01
1.008575794938951731e+01
1.010123416408896446e+01
1.027694708621129394e+01
1.009352475567720830e+01
1.011088793852832168e+01
1.009914418845437467e+01
9.918124185292981565e+00
9.917314679827541113e+00
9.868505425984039903e+00
9.974797697854228318e+00
9.832545018987730145e+00
9.919736383599229157e+00
9.958702122792601585e+00
9.852747526601888239e+00
1.000373100955039263e+01
9.847640273859724402e+00
9.779157955083064735e+00
9.927282661083154380e+00
