7.179329857728589559e+00
1.011038207024284930e+00
8.345945733490225393e-01
5.676463331037666649e-01
7.912648976853233762e-01
1.000903770379409252e+00
7.192338883833144791e-01
2.221356759537229664e-01
2.590125379419987439e-01
2.837425791576606571e-01
2.679526200035979855e-01
1.628391011463463656e-01
2.002588979703432415e-01
1.622359349812541041e-01
1.631133331120508956e-01
1.136039000955406664e-01
1.226690957446407992e-01
1.221373492890052148e-01
1.209793734942650190e-01
1.023060702300426783e-01
9.986649117104207107e-02
1.038835465733427554e-01
1.053036377143143909e-01
1.115362440941680688e-01
9.138845624147506896e-02
9.059926098689174978e-02
9.200914134362392360e-02
9.187734908937272849e-02
8.791133846352749970e-02
8.916366592984559247e-02
8.851413818115361209e-02
8.803559313855657820e-02
8.628367204073583707e-02
8.655998955691757146e-02
8.656132515079661971e-02
8.624695081016398035e-02
8.525763541786091082e-02
8.546675475827214541e-02
