7.849044459871947765e+00
3.619592225528322160e+00
1.964817903121002018e+00
2.043962771305814385e+00
2.070896081975661218e+00
1.912976852618157864e+00
1.903985095676034689e+00
1.714261069661006331e+00
2.031554362969473004e+00
1.703611768083646894e+00
1.650417473167181015e+00
1.724688515882007778e+00
1.756296130304690450e+00
1.781748651177622378e+00
1.471380362869240344e+00
1.301241281791590154e+00
1.467980189248919487e+00
1.363399782800115645e+00
1.457380778214428574e+00
1.258187073050066829e+00
1.276457059895619750e+00
1.280724425567314029e+00
1.241403953812550753e+00
1.255826692213304341e+00
1.244585383508820087e+00
1.246620138059370220e+00
1.141505182196851820e+00
1.170428950106725097e+00
1.208695077046286315e+00
1.162480869214050472e+00
1.097344933717977256e+00
1.066651363391429186e+00
1.119837636419106275e+00
1.121678051247727126e+00
1.132316475734114647e+00
1.098381468211300671e+00
1.062499409075826406e+00
1.079073401750065386e+00
1.072237396845594049e+00
1.063260299910325557e+00
1.050105695903766900e+00
1.052994870464317501e+00
1.050936996238306165e+00
1.046257263631559908e+00
1.066699804156087339e+00
1.032934681745246053e+00
1.057151272543706000e+00
1.054154608515091240e+00
1.039933050691615790e+00
1.040587265510112047e+00
1.033323451119940728e+00
1.059540978458244354e+00
1.051056460943073034e+00
1.035764887696132064e+00
1.033767417422495782e+00
1.047696103923954070e+00
1.040207416284829378e+00
1.026981714356224984e+00
1.044422211823984981e+00
1.030386585392989218e+00
1.017250984616111964e+00
1.035122072440572083e+00
1.028875725576654077e+00
1.047061520745046437e+00
1.050892742932774127e+00
1.031862435280345380e+00
1.021673684532288462e+00
1.039114406157750636e+00
