2.265694472822360694e+00
2.188163908402202651e+00
2.296349579002708197e+00
2.260574739077128470e+00
2.241442502039717510e+00
2.034788444318110123e+00
2.081561545724980533e+00
1.999482293555047363e+00
2.009202686109347269e+00
2.063094052165979519e+00
2.161361763020977378e+00
1.943488391174469143e+00
1.913325457979226485e+00
1.882735618302831426e+00
1.861402996932156384e+00
1.877963361795991659e+00
1.843851982499472797e+00
1.903002184495562688e+00
1.811126748740207404e+00
1.790740008204011247e+00
1.811488482198910788e+00
1.814524500572588295e+00
1.808342589705716819e+00
1.789009559433907270e+00
1.757928777733468451e+00
1.766455790464533493e+00
1.790324728237465024e+00
1.759277640943764709e+00
1.721916753915138543e+00
1.764808774460107088e+00
1.730267320002894849e+00
1.753758734557777643e+00
1.744147960795089602e+00
1.713942523056175560e+00
1.726227824721718207e+00
1.724786021106410772e+00
1.767398258438333869e+00
1.722328065574401990e+00
1.677774519048398361e+00
1.760280179092660546e+00
1.714242797286715358e+00
1.747251619584858418e+00
1.720432022237218916e+00
1.732601583818905056e+00
1.709995203185826540e+00
1.709153951305779628e+00
1.722185090096900240e+00
1.715002731361892074e+00
1.736763334542047232e+00
1.724514358153101057e+00
