1.616026515513658524e+01
1.214691759087145329e+01
1.239524547196924686e+01
1.216485249437391758e+01
1.352216891013085842e+01
1.091678037401288748e+01
1.011376160942018032e+01
1.111391814425587654e+01
1.089002112951129675e+01
1.028035439364612103e+01
9.382773025892674923e+00
8.656770926900207996e+00
8.787174188531935215e+00
9.701855943538248539e+00
8.490806614980101585e+00
9.007760275155305862e+00
9.541418217122554779e+00
9.430719286203384399e+00
8.742283965460956097e+00
8.410471893846988678e+00
8.552109892480075359e+00
8.286445373669266701e+00
8.334086860530078411e+00
8.015752616338431835e+00
7.930417820811271667e+00
8.124684025533497334e+00
7.964173778891563416e+00
7.930563351139426231e+00
7.917578664608299732e+00
7.946600523777306080e+00
7.918000551871955395e+00
7.580353356897830963e+00
7.860687802545726299e+00
7.800716103054583073e+00
7.874454325996339321e+00
7.873384924605488777e+00
7.495227809064090252e+00
7.707950544543564320e+00
7.650439862161874771e+00
7.857848321087658405e+00
7.745109064504504204e+00
