4.797850213188212365e+00
1.231642688042484224e+00
9.476195992319844663e-01
9.640098211239092052e-01
1.078596451843623072e+00
9.565220897202380002e-01
8.719813647330738604e-01
8.876965426024980843e-01
8.657074489165097475e-01
9.019870088086463511e-01
8.393877549096941948e-01
8.624282404198311269e-01
8.332221630262210965e-01
8.342709596618078649e-01
8.037170474999584258e-01
8.044834342435933650e-01
7.991362496395595372e-01
8.211148269474506378e-01
7.951080515631474555e-01
7.894802256487309933e-01
7.969654937041923404e-01
7.936888823169283569e-01
7.896681280690245330e-01
7.863199315615929663e-01
7.889946550130844116e-01
7.846208667033351958e-01
7.856083546648733318e-01
7.832452026777900755e-01
7.824400297831743956e-01
7.829122326802462339e-01
7.805035603232681751e-01
7.785027381614781916e-01
7.798796528368256986e-01
7.786466674879193306e-01
7.777516409405507147e-01
7.786647904431447387e-01
7.785014958935789764e-01
7.783090107841417193e-01
7.769877671380527318e-01
7.771089039742946625e-01
7.779224541736766696e-01
7.767123922239989042e-01
7.772552312817424536e-01
7.796120528364554048e-01
7.762601849390193820e-01
