2.209214411675930023e+00
2.261559622362256050e+00
2.088953928090631962e+00
2.536164710298180580e+00
2.098243532702326775e+00
2.131436347961425781e+00
2.166714776307344437e+00
2.176684833131730556e+00
2.168560080230236053e+00
2.052768817171454430e+00
2.137130227871239185e+00
2.263925313949584961e+00
2.019675831310451031e+00
2.115709059871733189e+00
2.146508838981389999e+00
2.288744420744478703e+00
2.051219270564615726e+00
2.047293916344642639e+00
2.020221036858856678e+00
1.928224483504891396e+00
1.986516426317393780e+00
2.095183740369975567e+00
2.042790631763637066e+00
2.135492494329810143e+00
2.353797793388366699e+00
2.094066511839628220e+00
2.023323924280703068e+00
2.188228321261703968e+00
1.972948286682367325e+00
2.082554556429386139e+00
2.095282132737338543e+00
2.056730085052549839e+00
2.107216641306877136e+00
2.063234155997633934e+00
2.047544670291244984e+00
2.280475212261080742e+00
2.121637663803994656e+00
1.949981394223868847e+00
2.130689720623195171e+00
2.094428799115121365e+00
