4.851703165564686060e+00
4.679760146886110306e+00
4.532677974551916122e+00
4.644214602187275887e+00
4.608704587444663048e+00
4.482224286533892155e+00
4.623220499604940414e+00
4.514124242588877678e+00
4.486356941051781178e+00
4.318283845204859972e+00
4.293790847994387150e+00
4.322342332918196917e+00
4.316441527567803860e+00
4.241152492351830006e+00
4.229929552879184484e+00
4.239915779791772366e+00
4.242140355054289103e+00
4.202337516006082296e+00
4.194626183249056339e+00
4.198807976208627224e+00
4.206606857012957335e+00
4.206982876174151897e+00
4.170861215796321630e+00
4.172369975596666336e+00
4.165579004213213921e+00
4.157846096903085709e+00
4.157730201259255409e+00
4.156685199122875929e+00
4.151594191789627075e+00
4.151703217998147011e+00
4.150914120953530073e+00
4.149563567712903023e+00
4.149311546236276627e+00
4.148209040518850088e+00
4.148305478505790234e+00
4.152377275284379721e+00
4.146111366339027882e+00
4.147372430190443993e+00
4.144502317998558283e+00
4.143592286854982376e+00
4.144533773418515921e+00
4.148148057051002979e+00
4.143801981117576361e+00
4.147255740594118834e+00
4.146428651642054319e+00
4.146909213159233332e+00
4.144523308146744967e+00
4.146521518472582102e+00
4.144387970678508282e+00
4.143611356616020203e+00
4.144772620871663094e+00
4.143105156719684601e+00
4.144477529451251030e+00
4.143320035189390182e+00
4.147029039915651083e+00
4.148498475085943937e+00
4.143932321108877659e+00
4.145622790791094303e+00
4.143751274328678846e+00
4.146790016442537308e+00
4.144003747031092644e+00
4.144570282660424709e+00
4.145539788529276848e+00
4.145765181630849838e+00
4.146486119367182255e+00
4.145507736131548882e+00
4.147373774554580450e+00
4.143571545835584402e+00
4.145018110983073711e+00
4.145733283367007971e+00
4.143437080085277557e+00
4.145947343204170465e+00
4.143091944977641106e+00
4.143425459973514080e+00
4.143797223456203938e+00
4.144071820657700300e+00
4.147765214554965496e+00
4.147492462769150734e+00
4.141855842899531126e+00
4.142877585720270872e+00
4.144370613619685173e+00
4.143597923684865236e+00
4.143650134094059467e+00
4.143544521648436785e+00
4.144894312601536512e+00
4.142899817787110806e+00
4.143195494543761015e+00
4.145095651037991047e+00
4.143178263213485479e+00
4.145755440928041935e+00
4.146513438783586025e+00
4.144572798162698746e+00
4.144006907008588314e+00
4.145110072568058968e+00
4.147717705462127924e+00
4.144750168081372976e+00
4.144743760582059622e+00
4.144344598054885864e+00
4.143920361064374447e+00
4.143098169006407261e+00
