8.784340161364525557e+00
2.935013514128513634e+00
2.766831597080454230e+00
2.792283246410079300e+00
2.784719639399554580e+00
2.451882740075234324e+00
2.733344791806302965e+00
2.296822534757666290e+00
2.559116407006513327e+00
2.451336460304446518e+00
2.411295649304520339e+00
2.025248560355976224e+00
2.114460471551865339e+00
2.062391801853664219e+00
1.931010606582276523e+00
2.150293476937804371e+00
1.995454288145992905e+00
1.998636658652685583e+00
1.780190411605872214e+00
1.789809337467886508e+00
1.713085745635908097e+00
1.812156717758625746e+00
1.775849718775134534e+00
1.806148535921238363e+00
1.668502590735442936e+00
1.635858138499315828e+00
1.654723445768468082e+00
1.640754342020954937e+00
1.600692077015992254e+00
1.631206121470313519e+00
1.607778779580257833e+00
1.638754414976574481e+00
1.556241877406137064e+00
1.580514001369010657e+00
1.558703596936538815e+00
1.563933690020348877e+00
1.498219233180861920e+00
1.504344933026004583e+00
1.510303683462552726e+00
1.517089882690925151e+00
1.511968336242716759e+00
1.509740812063682824e+00
1.493018056324217469e+00
1.480754842748865485e+00
1.474981740408111364e+00
1.493956871505361050e+00
1.499977747560478747e+00
1.479369167704135180e+00
1.470989811641629785e+00
1.474800945085007697e+00
1.472865622607059777e+00
1.467301286931615323e+00
1.461224610626231879e+00
1.490143536648247391e+00
1.443067013053223491e+00
1.452125355019234121e+00
1.472177140763960779e+00
1.465843990736175328e+00
1.448741051019169390e+00
1.452839165460318327e+00
1.483974938630126417e+00
1.498254463658668101e+00
1.464600346749648452e+00
1.461139117658603936e+00
1.479131767409853637e+00
1.432647983601782471e+00
1.462310186470858753e+00
1.489034244325011969e+00
1.455794057459570467e+00
1.485932985087856650e+00
1.457238520670216531e+00
1.463475064840167761e+00
1.452174930251203477e+00
1.469599236734211445e+00
1.460746737080626190e+00
1.459720668732188642e+00
1.468078013276681304e+00
1.485335475997999310e+00
1.462326213193591684e+00
1.454994348925538361e+00
1.441697366768494248e+00
1.452985696843825281e+00
1.455188642197754234e+00
1.454225566529203206e+00
1.478535580798052251e+00
1.471782953944057226e+00
1.463393059908412397e+00
1.457789800013415515e+00
1.490419588400982320e+00
1.464088901702780277e+00
1.494499240769073367e+00
1.420308643369935453e+00
1.460879402293357998e+00
1.475930611020885408e+00
1.453380700259003788e+00
1.483794634463265538e+00
1.468262988491915166e+00
1.477427653269842267e+00
1.459381510794628412e+00
1.480187001929152757e+00
