3.433736230945214629e+00
1.296444482170045376e+00
1.215127374045550823e+00
9.488485164474695921e-01
7.283414706471376121e-01
5.781290186569094658e-01
4.634428966091945767e-01
5.209014335414394736e-01
4.481553126825019717e-01
5.249128189170733094e-01
4.070944766281172633e-01
4.167329279007390141e-01
3.533966257818974555e-01
3.761235964484512806e-01
3.771528038196265697e-01
4.037999585852958262e-01
3.456279991078190506e-01
3.460272145457565784e-01
3.416688423021696508e-01
3.393486097338609397e-01
3.482441036612726748e-01
3.703106190077960491e-01
3.256391728064045310e-01
3.391550827655009925e-01
3.184480638010427356e-01
3.199121578945778310e-01
3.221011833520606160e-01
3.206050854932982475e-01
3.150815870612859726e-01
3.131178975454531610e-01
3.101443084888160229e-01
3.113011434907093644e-01
3.168721286929212511e-01
3.207488459302112460e-01
3.060716755571775138e-01
3.069591920939274132e-01
3.087925624568015337e-01
3.069627472141291946e-01
3.056088208686560392e-01
3.040735606336966157e-01
