7.888827511575073004e+00
7.836755760479718447e+00
7.770591193344444036e+00
7.921423690859228373e+00
7.614065205212682486e+00
7.837906338740140200e+00
7.744050086941570044e+00
7.789619723800569773e+00
7.413400110788643360e+00
7.396185638848692179e+00
7.331620652228593826e+00
7.322930064052343369e+00
7.306058439426124096e+00
7.328942738007754087e+00
7.134452628437429667e+00
7.191498702857643366e+00
7.163924628403037786e+00
7.175251322798430920e+00
7.064983393065631390e+00
7.059702778700739145e+00
7.057634222786873579e+00
7.047494989819824696e+00
7.048318496439605951e+00
7.024177629500627518e+00
7.022033510729670525e+00
7.008742791600525379e+00
6.977541597094386816e+00
6.978034066967666149e+00
7.000328318215906620e+00
6.981203044299036264e+00
6.986421265639364719e+00
6.965023790951818228e+00
6.967962135095149279e+00
6.969701029360294342e+00
6.982395341154187918e+00
6.983058149926364422e+00
6.958186347037553787e+00
6.953370780218392611e+00
