1.742043153382837772e+00
1.726539931260049343e+00
1.714404442347586155e+00
1.737240080721676350e+00
1.709819343872368336e+00
1.704331518150866032e+00
1.682204894721508026e+00
1.680058277212083340e+00
1.689772493205964565e+00
1.677091404795646667e+00
1.667899545282125473e+00
1.670258332043886185e+00
1.664491781964898109e+00
1.668242978863418102e+00
1.669254818931221962e+00
1.671847217716276646e+00
1.660694576799869537e+00
1.658286348916590214e+00
1.657302483916282654e+00
1.656474961899220943e+00
1.655582358129322529e+00
1.652485732920467854e+00
1.651615866459906101e+00
1.651794471777975559e+00
1.651479510590434074e+00
1.649823263287544250e+00
1.647826044820249081e+00
1.648891086690127850e+00
1.647317562252283096e+00
1.648336967453360558e+00
1.648387372493743896e+00
1.647182011976838112e+00
1.650459171272814274e+00
1.648626828566193581e+00
1.646105470135807991e+00
1.650785360485315323e+00
1.647256472148001194e+00
1.651630598120391369e+00
1.647301565855741501e+00
1.647010778076946735e+00
1.646819615736603737e+00
