2.166757185932510765e-01
1.343455871633523202e-01
1.307148123205479351e-01
1.229777072749129729e-01
1.219242662123178889e-01
1.222899685258198588e-01
1.159850344447477255e-01
1.189083340768775088e-01
1.189160092812926450e-01
1.164740781291584426e-01
1.101719973357830895e-01
1.092161779106390895e-01
1.105607282570417738e-01
1.095576071859341027e-01
1.046249627584074915e-01
1.042226293643579993e-01
1.057413342268773704e-01
1.055290489168783097e-01
1.033317758201519609e-01
1.026725873364284780e-01
